[xyValues]
x=0.3269346695
y=0.3417386259
[RMS]
RMSCCT=131.063436131
RMSx=0.00279188
RMSy=0.00277966